1.312630781237514839e+02
6.140302795603511754e+01
4.806071105374861219e+01
4.221580830498673720e+01
3.847153021382359839e+01
3.573797250022980876e+01
3.359557464396719695e+01
3.180931816225720610e+01
3.031350749023143720e+01
2.901036307887857291e+01
2.785576985328281552e+01
2.686220973116870425e+01
2.590794844933030561e+01
2.505179437710945933e+01
2.428925562496520030e+01
2.354140287778348295e+01
2.290570315458333184e+01
2.227564260648032146e+01
2.169709064137875743e+01
2.113910517550415236e+01
2.063988888519080689e+01
2.016696590629952723e+01
1.969155205630756456e+01
1.925697672047460429e+01
1.884851402744557802e+01
1.846679018133826844e+01
1.808750532295195157e+01
1.772062843549370115e+01
1.738321863311283622e+01
1.704586756857058916e+01
1.671418132028178505e+01
1.640949908847652949e+01
1.611157898172586656e+01
1.585952827848053559e+01
1.557168652643803242e+01
1.531612848075383226e+01
1.504081306954344655e+01
1.480518857035374403e+01
1.457383069266176534e+01
1.434447953199660475e+01
1.412219597658944359e+01
1.389774703643370657e+01
1.370335101039768411e+01
1.349269898117895750e+01
1.330207418089898574e+01
1.311620132036285291e+01
1.294075527469903975e+01
1.275115098130348379e+01
1.259083745422731759e+01
1.239356596370333818e+01
1.224959872171040409e+01
1.208351390188146190e+01
1.193332558165827706e+01
1.176899285846952381e+01
1.163619405637608040e+01
1.149230488029162345e+01
1.133249662845305217e+01
1.121065269109707785e+01
1.107475741352776666e+01
1.093644955752727732e+01
1.079949991188637526e+01
1.067092758236731775e+01
1.054928431268993805e+01
1.043491313733711578e+01
1.029789272490909546e+01
1.018923892440776946e+01
1.007387938709358011e+01
9.963045985851108455e+00
9.862193928339276994e+00
9.753005971177620026e+00
9.641206066435296762e+00
9.543179593819164808e+00
9.432989130777141185e+00
9.338814212647069013e+00
9.234493607269534721e+00
9.147524138730217302e+00
9.046115745937484576e+00
8.958341610928362897e+00
8.849837720119657192e+00
8.779725181566204739e+00
8.690029140719806477e+00
8.595127361902514807e+00
8.511365691011997470e+00
8.436024910907596208e+00
8.349887249628412889e+00
8.269704905893954461e+00
8.180379226862042330e+00
8.108046809494959817e+00
8.028255719969882520e+00
7.956885675016457604e+00
7.889973302393824106e+00
7.810570957182503271e+00
7.739392986959319209e+00
7.673647831869764957e+00
7.599183121641918781e+00
7.516944820825414375e+00
7.455024838690653688e+00
7.386399609113197151e+00
7.319621246896338640e+00
7.263378288209652034e+00
7.188543814737800908e+00
7.133503474305666003e+00
7.072594825192470402e+00
7.008138337332953327e+00
6.936613826248422043e+00
6.882183305955442698e+00
6.826779833119721808e+00
6.779009319671070344e+00
6.718994706349562307e+00
6.656865164218864983e+00
6.607389829186678831e+00
6.551763993529190699e+00
6.495967482417640326e+00
6.439235971922522950e+00
6.400394275598292992e+00
6.346842782269269456e+00
6.293580010548987858e+00
6.255712727968148812e+00
6.187092013292188497e+00
6.148974514165114869e+00
6.111243157001975845e+00
6.057338450769584881e+00
6.005779041323488165e+00
5.964879547456416020e+00
5.925780201422583993e+00
5.876979143431986685e+00
5.836320907614973130e+00
5.792692012163795923e+00
5.759017633672686820e+00
5.716596939112427833e+00
5.675355715702935733e+00
5.640576630058935059e+00
5.597684104895753521e+00
5.560091003492740214e+00
5.523948552004799950e+00
5.485541236649992491e+00
5.448315685726092816e+00
5.410834957753407615e+00
5.379653752285024737e+00
5.343396065711520926e+00
5.303295613268668163e+00
5.278872480839466697e+00
5.235866620628149448e+00
5.210377528535566682e+00
5.170022500576775926e+00
5.137010017809787499e+00
5.106546831977047063e+00
5.080865974260526663e+00
5.047676423156032932e+00
5.013396894988926711e+00
4.985648081350651850e+00
4.950475212394746194e+00
4.918700184928678887e+00
4.887464285604428582e+00
4.866274231653469506e+00
4.834773742529435481e+00
4.804844239736079992e+00
4.775439651652087392e+00
4.749613191984405347e+00
4.724318180272260470e+00
4.694357404512051524e+00
4.669021383939684355e+00
4.635453980105451066e+00
4.613367272521784024e+00
4.589728129990180427e+00
4.561495682362829207e+00
4.535418188546780804e+00
4.506909462999116656e+00
4.481959362084191767e+00
4.465065791053278055e+00
4.435250617112362015e+00
4.403437541577087444e+00
4.388291319064210327e+00
4.359529473212153228e+00
4.342576476667358243e+00
4.318069431264644820e+00
4.296047916208533657e+00
4.274078945409311991e+00
4.251148675879875327e+00
4.225229285146764546e+00
4.207246996031468456e+00
4.184326747097716570e+00
4.163550684422194337e+00
4.141734046446218898e+00
4.124710243731577464e+00
4.096789215544604623e+00
4.081488153276668029e+00
4.059644318437340083e+00
4.042552764960597678e+00
4.019233019507741922e+00
4.003827237002857586e+00
3.981600261929172380e+00
3.961337284828326144e+00
3.943828313094956073e+00
3.924781037088397539e+00
3.903452923859100476e+00
3.893420829091454483e+00
3.870849484668019702e+00
3.856168703372656825e+00
3.836171716873856052e+00
3.821262382295864679e+00
3.803529260610091889e+00
3.786632761741500541e+00
3.769783257731211368e+00
3.751918469728425354e+00
3.738522034260198801e+00
3.721018756452941556e+00
3.703554604708271469e+00
3.690760664556206994e+00
3.672722239976180969e+00
3.659182099705759583e+00
3.640839306575878620e+00
3.626265323598572454e+00
3.612176651652741377e+00
3.596560955001519400e+00
3.581197937870439052e+00
3.565246045879328918e+00
3.550018672529885677e+00
3.540529570983985685e+00
3.525712104363019961e+00
3.511405661577444715e+00
3.497381877773165559e+00
3.483355723779250734e+00
3.466440500979748762e+00
3.458312413516191786e+00
3.441405004753490093e+00
3.430057851387295464e+00
3.418109950566381450e+00
3.407280592568154187e+00
3.390304133061212255e+00
3.377442926017209412e+00
3.367867736668188172e+00
3.352291766278588714e+00
3.341086057924864683e+00
3.330405623223215983e+00
3.313738457258673886e+00
3.302334916948240995e+00
3.289888273543965180e+00
3.276613359505097467e+00
3.264159378064563466e+00
3.253826420528327379e+00
3.238504524507454629e+00
3.226487742470398157e+00
3.215694923849281572e+00
3.202455793929461336e+00
3.189564661216520935e+00
3.177434913903259162e+00
3.165762319088297971e+00
3.151564457006012621e+00
3.145019202222209653e+00
3.126792210023912055e+00
3.119245021332714085e+00
3.105716011653967268e+00
3.096829001329159059e+00
3.084960909517588057e+00
3.073416458357431491e+00
3.065056033924477230e+00
3.053947516257675687e+00
3.041923454171073349e+00
3.033729324435507468e+00
3.018918225157733559e+00
3.014099929523702315e+00
3.000740472296941963e+00
2.991776325069512854e+00
2.982391261941742755e+00
2.973667475297256058e+00
2.964743584569084600e+00
2.956245116715758847e+00
2.947473984434839878e+00
2.935925794678413414e+00
2.928306865055599228e+00
2.920415912615728526e+00
2.909698093494946125e+00
2.902073438813082440e+00
2.893512790207534380e+00
2.882815931087305827e+00
2.875720400296236434e+00
2.864883745690319117e+00
2.856691376879338495e+00
2.846439227581442744e+00
2.840601352450815575e+00
2.832424325032909973e+00
2.823376641569777856e+00
2.814803971339913780e+00
2.808044525593452967e+00
2.797851192907883089e+00
2.790240887283816473e+00
2.782810579242925630e+00
2.773501431553640817e+00
2.764002635492641247e+00
2.757726569378376791e+00
2.749002716509785671e+00
2.741530436331352849e+00
2.733941609989293919e+00
2.724688903697377818e+00
2.719065643917984776e+00
2.708853916214634783e+00
2.703083854405223363e+00
2.694849344558154058e+00
2.686651867832451579e+00
2.678063817038855099e+00
2.669798952791551994e+00
2.664658084629093704e+00
2.655210847138750552e+00
2.649353427666334415e+00
2.639531839201929131e+00
2.630662471230121646e+00
2.624774859394808590e+00
2.619421011198078464e+00
2.611314447424277763e+00
2.603557369706916980e+00
2.594301951334234690e+00
2.589989370018249915e+00
2.581416763114271706e+00
2.574693218912638137e+00
2.566180303562674681e+00
2.561011998771987042e+00
2.551947569762532009e+00
2.546604130085662554e+00
2.538445511665580412e+00
2.531892439111101289e+00
2.525826091500702919e+00
2.516375008064384300e+00
2.512084222415552848e+00
2.504426311853611420e+00
2.498659945072313260e+00
2.491651569055318483e+00
2.485885652529422618e+00
2.479057239297483672e+00
2.472322429319692816e+00
2.464567271796278547e+00
2.459684909140762432e+00
2.451301892793132708e+00
2.446390001652707813e+00
2.439886152050730228e+00
2.434334059923508597e+00
2.427558797011324376e+00
2.421359217614765136e+00
2.415897425012417443e+00
2.409127684269780634e+00
2.401017316614739716e+00
2.396928923627080987e+00
2.389912962914281014e+00
2.384464765712648759e+00
2.379272348093341094e+00
2.372592734519738844e+00
2.365525391288501034e+00
2.361161197000775314e+00
2.355953262432398887e+00
2.348289717576608648e+00
2.343120891825448915e+00
2.336957507153998748e+00
2.332952245841100503e+00
2.326735035331294554e+00
2.321495980707327433e+00
2.314283923229505824e+00
2.309566866161558707e+00
2.304857733492263083e+00
2.296956655464561958e+00
2.293329146869455659e+00
2.287935343392396792e+00
2.282696100118357663e+00
2.277027233158106956e+00
2.271960567627715033e+00
2.265397058319894796e+00
2.260712345093335074e+00
2.255214150302916387e+00
2.248672915892587110e+00
2.245261574890118350e+00
2.236539674201432959e+00
2.233736319962441375e+00
2.227401331208139545e+00
2.221782043924507732e+00
2.215773380208532206e+00
2.210157096789223452e+00
2.204871425675987595e+00
2.200605034382304037e+00
2.193882842038087588e+00
2.187545472581263528e+00
2.182380922666959933e+00
2.175084187274383574e+00
2.171108114317677806e+00
2.165435322879868174e+00
2.160131627509696450e+00
2.154014425465112126e+00
2.146206191271711639e+00
2.141850655380632684e+00
2.136884746088565379e+00
2.129966687982243201e+00
2.125249603408871479e+00
2.118635562980931919e+00
2.114221871684203169e+00
2.107132310689518562e+00
2.101797867620346150e+00
2.097123504251395154e+00
2.091288356255272429e+00
2.083791397745821339e+00
2.078980898972532909e+00
2.072601388364367025e+00
2.068107651943186465e+00
